Accuracy
0.9915
0.9905
0.9905
0.9905
0.9905
0.9905
0.9915
0.99
0.992
0.992
0.992
0.992
0.9915
0.991
0.9915
0.9915
0.9915
0.991
0.992
0.9905
0.9905
0.9915
0.991
0.991
0.9905
0.991
0.9915
0.9905
0.9905
0.9915
0.991
0.991
0.9915
0.9915
0.9915
0.991
0.9905
0.9905
0.991
0.991
0.9904952476238119
0.9904952476238119
0.991495747873937
0.991495747873937
0.990990990990991
0.9914872308462694
0.9919799498746867
0.9919799498746867
0.9914786967418546
0.9919759277833501
0.9919759277833501
0.9909683893627697
0.9914658634538153
0.9914615770969362
0.9914486921529175
0.9914400805639476
0.9924318869828456
0.9924280666330136
0.9914184755174155
0.9914054600606673
0.9913924050632912
0.9929006085192698
0.9918740477399696
0.9923702950152594
0.9908210096889342
0.9918200408997955
0.9918074756784434
0.9907502569373073
0.9897066392177046
0.9907120743034056
0.9911917098445596
0.9901298701298701
0.9906103286384976
0.9900523560209424
0.9900157645822386
0.9899894625922023
0.9904661016949152
0.9909622541201488
0.9898341359015517
0.9897739504843919
0.9902544667027612
0.9901960784313726
0.9906798245614035
0.9906025428413489
0.9911111111111112
0.9910213243546577
0.9909399773499433
0.9914529914529915
0.9919493962047153
0.9918793503480279
0.9900351699882767
0.9905100830367735
0.9916016796640672
0.990909090909091
0.9914057704112953
0.9894736842105263
0.98875
0.9892200380469245
0.9884615384615385
0.9895901106050748
0.9901185770750988
0.9899799599198397
0.9898648648648649
0.9897189856065799
0.9916724496877168
0.989451476793249
0.9900071377587437
0.9898477157360406
0.9911634756995582
0.9925149700598802
0.9916349809885932
0.9899536321483772
0.9921259842519685
0.99122106943336
0.9910714285714286
0.990953947368421
0.990787269681742
0.991518235793045
0.9896729776247849
0.990418118466899
0.9893992932862191
0.9884135472370766
0.9900811541929666
0.9881710646041856
0.9899082568807339
0.9889196675900277
0.9888991674375578
0.987037037037037
0.987037037037037
0.987037037037037
0.987037037037037
0.987037037037037
0.987037037037037
0.987037037037037
0.9879629629629629
0.9861111111111112
0.9879629629629629
0.987037037037037
0.987037037037037
0.987037037037037
0.987037037037037
0.9879629629629629
0.987037037037037
0.987037037037037
0.9879629629629629
0.9861111111111112
0.9861111111111112
0.987037037037037
0.9851851851851852
0.9851851851851852
0.9879629629629629
0.987037037037037
0.987037037037037
0.9861111111111112
0.9879629629629629
0.9879629629629629
0.987037037037037
0.9861111111111112
0.987037037037037
0.987037037037037
0.9879629629629629
0.9888888888888889
0.9879629629629629
0.9879629629629629
0.987037037037037
0.987037037037037
0.9879629629629629
0.987037037037037
0.9861111111111112
0.9861111111111112
0.9879629629629629
0.987037037037037
0.987037037037037
0.9861111111111112
0.9861111111111112
0.987037037037037
0.9879629629629629
0.9879629629629629
0.9888888888888889
0.9898148148148148
0.9888888888888889
0.9879629629629629
0.9898148148148148
0.9898148148148148
0.9888888888888889
0.9888888888888889
0.9879629629629629
0.987037037037037
0.9888888888888889
0.9898148148148148
0.9898148148148148
0.9861111111111112
0.987037037037037
0.9861111111111112
0.9842446709916589
0.9879518072289156
0.9879518072289156
0.9879518072289156
0.9870250231696015
0.9870250231696015
0.9860982391102873
0.9870250231696015
0.9879518072289156
0.9860982391102873
0.9860982391102873
0.9888785912882299
0.9870250231696015
0.9870250231696015
0.9870250231696015
0.9870250231696015
0.9870250231696015
0.9870250231696015
0.9860982391102873
0.9879518072289156
0.9879518072289156
0.9870250231696015
0.9870250231696015
0.9870250231696015
0.9870250231696015
0.9879406307977736
0.9879406307977736
0.987012987012987
0.9888579387186629
0.989786443825441
0.9870009285051068
0.9870009285051068
0.9879294336118849
0.9879294336118849
0.9879294336118849
0.9879294336118849
0.989786443825441
0.989786443825441
0.9870009285051068
0.9897769516728625
0.9897769516728625
0.9897769516728625
0.9888475836431226
0.9888475836431226
0.9888475836431226
0.9888475836431226
0.9888475836431226
0.9869888475836431
0.9888372093023255
0.9878957169459963
0.9878957169459963
0.9878844361602982
0.9869524697110904
0.9860074626865671
0.985981308411215
0.985981308411215
0.9887640449438202
0.9878163074039362
0.9877934272300469
0.9877704609595485
0.9887111947318908
